
k6 test summary
================
http_req_failed: 0
http_reqs: 5
avg_duration: 6.9679008 ms
min_duration: 0.567961 ms
med_duration: 0.665993 ms
max_duration: 30.020802 ms
p90_duration: 19.201469600000003 ms
p95_duration: 24.611135799999996 ms
iterations: 5
vus_max: 1
checks_passed: 5
checks_failed: 0
